                      [38;2;36;60;60m.[38;2;48;84;84m.[38;2;72;108;108m:[38;2;84;120;120m-[38;2;84;144;144m=[38;2;96;156;156m+[38;2;108;168;168m+*[38;2;108;180;168m*[38;2;120;180;180m********[38;2;108;180;168m*[38;2;108;168;168m*+[38;2;96;156;156m+[38;2;84;144;144m=[38;2;84;132;132m-[38;2;72;108;108m:[38;2;60;84;84m:[38;2;36;60;60m.[0m                      
                  [38;2;36;72;72m.[38;2;60;96;96m:[38;2;72;120;120m-[38;2;96;144;144m=[38;2;96;168;156m+[38;2;108;168;168m*[38;2;108;180;168m**[38;2;108;168;168m*+[38;2;96;156;156m+[38;2;96;156;144m+[38;2;96;144;144m=[38;2;84;144;132m=[38;2;84;132;132m=-[38;2;84;132;120m---[38;2;84;132;132m=[38;2;84;144;132m=[38;2;96;144;144m=[38;2;96;156;144m=[38;2;96;156;156m+[38;2;108;168;168m+*[38;2;108;180;168m**[38;2;108;168;168m*[38;2;96;168;168m+[38;2;96;144;144m=[38;2;72;132;120m-[38;2;60;96;96m:[38;2;36;72;72m.[0m                  
               [38;2;48;72;72m.[38;2;72;120;120m-[38;2;84;144;144m=[38;2;96;168;168m+[38;2;108;168;168m**+[38;2;96;156;156m+[38;2;84;132;132m=[38;2;72;120;108m-[38;2;60;96;96m:[38;2;48;72;72m.[38;2;36;60;60m.[0m              [38;2;36;60;60m.[38;2;48;72;72m.[38;2;60;96;96m:[38;2;72;120;108m-[38;2;84;132;132m=[38;2;96;156;156m+[38;2;108;168;168m+**[38;2;96;168;168m+[38;2;84;144;144m=[38;2;72;108;108m-[38;2;48;72;72m.[0m               
            [38;2;24;60;60m.[38;2;60;108;108m:[38;2;84;144;144m=[38;2;96;168;168m+[38;2;108;168;168m**[38;2;96;156;156m+[38;2;72;132;132m-[38;2;60;96;96m:[38;2;36;72;72m.[0m         [38;2;48;72;60m.[38;2;72;108;96m::[0m          [38;2;48;72;60m.[38;2;72;108;96m:[38;2;84;120;120m-[38;2;72;120;108m-[38;2;48;72;72m.[38;2;60;96;96m:[38;2;72;132;132m-[38;2;96;156;156m+[38;2;108;168;168m+*[38;2;96;168;168m+[38;2;84;144;144m=[38;2;60;108;108m:[38;2;24;60;60m.[0m   [38;2;72;108;96m::[0m       
          [38;2;36;72;72m.[38;2;72;120;120m-[38;2;96;156;156m+[38;2;96;168;168m**[38;2;96;156;156m+[38;2;72;120;120m-[38;2;48;84;84m.[0m           [38;2;60;96;84m:[38;2;96;144;132m=[38;2;96;156;144m+[38;2;72;120;108m-[38;2;36;72;60m.[0m        [38;2;72;108;96m:[38;2;108;156;144m+[38;2;120;180;168m*[38;2;108;156;144m+[38;2;72;108;96m:[0m     [38;2;48;84;84m.[38;2;72;120;120m-[38;2;96;156;156m+[38;2;96;168;168m*+[38;2;84;156;156m=[38;2;60;108;108m:[38;2;72;96;96m:[38;2;108;156;144m+[38;2;120;180;156m*[38;2;72;96;96m:[0m       
         [38;2;72;108;120m-[38;2;84;156;156m+[38;2;96;168;168m++[38;2;84;144;144m=[38;2;60;96;96m:[0m            [38;2;72;96;84m:[38;2;108;168;144m+[38;2;120;180;168m*[38;2;96;156;144m+[38;2;48;84;72m.[0m       [38;2;36;60;60m.[38;2;84;120;108m-[38;2;120;168;156m*[38;2;132;192;180m%[38;2;120;180;168m*[38;2;84;120;120m-[0m         [38;2;48;72;72m.[38;2;72;120;120m-[38;2;108;156;156m+[38;2;120;168;168m*[38;2;120;180;168m*[38;2;120;192;168m%[38;2;108;168;156m*[38;2;72;108;96m:[0m        
       [38;2;48;96;96m:[38;2;84;144;144m=[38;2;96;168;168m++[38;2;84;144;144m=[38;2;60;96;96m:[0m             [38;2;96;144;132m=[38;2;132;204;180m%[38;2;132;192;180m%[38;2;96;156;144m=[38;2;36;72;60m.[0m      [38;2;48;60;60m.[38;2;84;132;120m-[38;2;120;168;156m*[38;2;132;192;180m%[38;2;120;180;168m*[38;2;96;156;144m=[38;2;60;84;84m:[0m     [38;2;48;72;72m.[38;2;72;96;96m:[38;2;84;132;120m-[38;2;108;144;132m=[38;2;120;168;156m*[38;2;132;192;180m%[38;2;144;204;180m%[38;2;132;204;180m%[38;2;120;192;180m%[38;2;108;180;156m*[38;2;84;156;144m+[38;2;84;156;156m+[38;2;84;144;144m=[38;2;48;96;96m:[0m       
      [38;2;60;120;120m-[38;2;84;156;168m+[38;2;96;168;168m+[38;2;84;144;156m=[38;2;60;108;108m:[0m              [38;2;108;156;144m+[38;2;144;204;192m#[38;2;120;192;180m%[38;2;96;168;156m+[38;2;48;84;72m.[0m   [38;2;60;96;96m:[38;2;60;96;84m:[38;2;48;72;60m.[38;2;84;132;120m-[38;2;120;180;156m*[38;2;120;192;180m%[38;2;108;180;168m*[38;2;96;156;144m+[38;2;72;132;120m-[38;2;48;84;72m.[0m [38;2;36;60;60m.[38;2;60;96;84m:[38;2;84;132;120m-[38;2;108;156;144m+[38;2;132;192;168m%[38;2;144;204;180m#[38;2;144;204;192m#[38;2;144;216;192m#[38;2;144;204;192m#[38;2;132;204;192m#[38;2;120;192;180m%[38;2;108;180;168m*[38;2;96;156;144m+[38;2;72;120;108m-[38;2;48;72;72m.[38;2;60;96;96m:[38;2;84;144;156m=[38;2;96;168;168m+[38;2;84;156;168m+[38;2;60;120;120m-[0m      
    [38;2;24;60;72m.[38;2;72;132;132m-[38;2;84;156;168m++[38;2;72;132;132m-[38;2;36;72;72m.[0m              [38;2;96;156;144m=[38;2;132;204;180m%[38;2;120;192;180m%[38;2;96;168;156m+[38;2;72;132;132m=[0m  [38;2;60;84;84m:[38;2;84;144;132m=[38;2;96;168;156m+[38;2;96;144;132m=[38;2;108;168;156m*[38;2;120;180;168m*[38;2;108;180;168m*[38;2;96;168;156m+[38;2;72;144;132m=[38;2;60;108;96m:[38;2;72;120;108m-[38;2;84;132;120m-[38;2;96;156;144m+[38;2;120;180;168m*[38;2;144;204;192m#[38;2;144;216;192m##[38;2;144;204;192m#[38;2;132;204;180m%[38;2;120;192;168m%[38;2;108;180;168m*[38;2;108;180;156m*[38;2;96;156;144m+[38;2;72;132;120m=[38;2;60;96;84m:[0m    [38;2;36;72;72m.[38;2;72;132;132m-[38;2;84;156;168m++[38;2;72;132;144m-[38;2;24;72;72m.[0m    
   [38;2;24;60;72m.[38;2;72;132;144m=[38;2;84;156;168m++[38;2;60;120;120m-[0m               [38;2;84;144;132m=[38;2;120;192;180m%[38;2;108;180;168m*[38;2;84;156;144m+[38;2;60;132;120m-[38;2;48;96;96m:[38;2;48;84;72m.[38;2;72;132;120m-[38;2;96;156;144m+[38;2;96;168;144m+[38;2;96;168;156m**+[38;2;84;156;144m+[38;2;72;144;132m=[38;2;60;120;120m-[38;2;72;120;108m-[38;2;96;156;144m+[38;2;120;192;168m*[38;2;144;204;192m#[38;2;144;216;192m#[38;2;156;216;192m#[38;2;144;216;192m#[38;2;132;204;180m%[38;2;120;192;168m*[38;2;96;168;156m*[38;2;84;156;144m+[38;2;84;144;132m=[38;2;72;120;108m-[38;2;60;96;84m:[38;2;36;60;60m.[0m    [38;2;60;84;84m:[0m   [38;2;60;108;120m:[38;2;72;156;156m+[38;2;84;156;168m+[38;2;72;132;144m=[38;2;24;72;72m.[0m   
   [38;2;72;132;144m-[38;2;84;156;168m++[38;2;60;108;120m:[0m               [38;2;72;108;96m-[38;2;108;180;168m*[38;2;96;180;156m*[38;2;84;156;144m=[38;2;72;144;132m=[38;2;84;144;132m=[38;2;96;156;144m++[38;2;108;180;156m*[38;2;96;168;156m*+[38;2;84;168;144m+[38;2;72;156;144m=[38;2;72;144;132m=[38;2;60;120;108m-[38;2;84;132;120m=[38;2;108;168;156m*[38;2;132;192;180m%[38;2;144;204;192m#[38;2;144;216;192m#[38;2;156;216;204m#[38;2;144;216;192m#[38;2;132;204;192m%[38;2;120;192;180m%[38;2;108;180;168m*[38;2;96;156;144m+[38;2;84;132;120m-[38;2;60;96;84m:[0m     [38;2;48;72;72m.[38;2;72;120;108m-[38;2;96;144;132m=[38;2;72;108;108m-[0m    [38;2;48;108;108m:[38;2;72;156;156m=[38;2;72;156;168m+[38;2;60;132;144m-[0m   
  [38;2;60;120;120m-[38;2;72;156;168m++[38;2;60;120;120m-[0m               [38;2;60;96;96m:[38;2;96;168;156m+[38;2;84;156;144m+[38;2;84;144;144m==[38;2;108;168;156m*[38;2;108;180;168m*[38;2;120;192;168m*[38;2;108;192;168m*[38;2;108;180;168m*[38;2;96;168;156m+[38;2;84;156;144m=[38;2;72;144;132m=[38;2;96;156;144m+[38;2;108;168;156m+[38;2;84;156;144m=[38;2;120;192;180m%[38;2;132;204;192m%[38;2;144;204;192m#[38;2;144;216;192m#[38;2;144;204;192m#[38;2;132;204;180m%[38;2;120;192;168m*[38;2;108;180;156m*[38;2;84;156;144m=[38;2;72;132;120m-[38;2;60;96;96m:[38;2;36;96;96m:[38;2;48;96;84m:[38;2;36;84;72m.[38;2;48;72;72m.[38;2;60;96;96m:[38;2;72;120;108m-[38;2;96;144;132m=[38;2;96;168;144m+[38;2;84;144;144m=[38;2;60;96;84m:[0m      [38;2;60;108;120m-[38;2;72;156;156m=[38;2;72;156;168m=[38;2;60;120;120m-[0m  
 [38;2;36;84;84m.[38;2;72;144;156m=[38;2;72;156;168m+[38;2;72;132;144m=[0m               [38;2;60;96;84m:[38;2;96;156;144m+[38;2;108;168;156m*[38;2;108;180;168m*[38;2;120;180;168m*[38;2;120;192;168m*[38;2;120;192;180m%[38;2;132;204;180m%%[38;2;120;192;180m%[38;2;120;192;168m*[38;2;108;180;168m*[38;2;120;192;168m*[38;2;120;192;180m%%[38;2;96;168;156m+[38;2;84;156;144m+[38;2;108;180;168m*[38;2;120;192;168m*[38;2;120;192;180m%%[38;2;108;180;168m*[38;2;96;168;156m+[38;2;84;156;144m=[38;2;72;132;120m=[38;2;60;96;84m:[0m [38;2;48;96;84m:[38;2;72;132;120m-[38;2;96;156;144m+[38;2;96;168;144m+[38;2;96;156;144m+[38;2;96;168;144m+[38;2;96;168;156m+[38;2;108;180;168m*[38;2;96;168;156m+[38;2;48;84;72m.[0m        [38;2;60;132;144m-[38;2;72;156;168m=[38;2;72;144;156m=[38;2;36;84;96m.[0m 
 [38;2;60;120;132m-[38;2;72;156;168m=[38;2;72;144;156m=[38;2;48;84;96m:[0m            [38;2;72;108;96m:[38;2;60;96;96m:[38;2;84;144;132m=[38;2;108;180;168m**[38;2;120;180;168m*[38;2;120;192;180m%%[38;2;132;192;180m%[38;2;120;192;180m%[38;2;132;192;180m%%[38;2;120;192;180m%[38;2;120;192;168m*[38;2;108;180;168m***[38;2;96;180;168m*[38;2;96;168;156m++[38;2;84;156;144m+[38;2;96;168;156m+[38;2;84;156;144m=[38;2;72;144;132m==[38;2;72;132;120m-[38;2;60;108;108m:[38;2;48;84;84m.[38;2;72;120;108m-[38;2;96;156;144m+[38;2;108;168;156m*[38;2;96;156;144m+[38;2;84;144;132m=[38;2;72;144;132m=[38;2;84;168;156m+[38;2;108;180;168m*[38;2;108;192;180m%[38;2;120;192;180m%[38;2;84;132;132m=[38;2;24;72;60m.[0m        [38;2;36;84;96m.[38;2;72;144;156m==[38;2;60;120;132m-[0m 
[38;2;24;72;84m.[38;2;72;144;156m==[38;2;60;132;144m-[0m           [38;2;36;60;48m.[38;2;96;156;144m+[38;2;120;180;168m*[38;2;108;180;168m*[38;2;120;192;168m*[38;2;120;192;180m%%%[38;2;120;192;168m*[38;2;132;192;180m%[38;2;132;204;192m#[38;2;120;192;180m%[38;2;132;204;180m%[38;2;120;204;180m%%[38;2;120;192;180m%[38;2;120;192;168m*[38;2;96;168;156m*[38;2;108;180;168m*[38;2;96;168;156m*[38;2;84;168;156m++[38;2;96;168;156m+[38;2;84;168;156m+[38;2;84;156;144m=[38;2;72;144;132m=[38;2;84;156;144m=[38;2;72;132;132m=[38;2;84;144;132m=[38;2;108;180;168m*[38;2;120;180;168m*[38;2;96;144;132m=[38;2;60;120;108m-[38;2;60;132;120m-[38;2;72;156;144m=[38;2;96;168;156m*[38;2;108;192;168m*[38;2;120;192;180m%[38;2;120;204;180m%%[38;2;96;156;144m+[38;2;48;96;96m:[38;2;60;108;108m:[38;2;60;96;96m:[38;2;24;60;60m.[0m      [38;2;60;132;144m-[38;2;72;144;156m==[38;2;36;72;84m.[0m
[38;2;48;96;108m:[38;2;72;144;156m==[38;2;48;108;120m:[0m           [38;2;48;84;72m.[38;2;96;168;156m+[38;2;108;180;168m*[38;2;120;192;168m*%[38;2;120;192;180m%%[38;2;132;204;180m%%[38;2;120;204;180m%[38;2;96;180;156m*[38;2;84;144;132m=[38;2;72;144;132m=[38;2;72;132;120m--[38;2;72;144;132m=[38;2;72;144;144m=[38;2;84;156;144m+[38;2;84;168;156m+[38;2;96;168;156m++[38;2;96;180;168m**[38;2;96;168;156m**[38;2;108;180;168m*[38;2;96;168;156m*[38;2;108;192;168m**[38;2;108;168;156m+[38;2;60;108;108m:[38;2;48;108;96m:[38;2;72;132;132m=[38;2;84;156;144m+[38;2;96;180;168m*[38;2;108;180;168m*[38;2;108;192;168m*[38;2;108;192;180m%[38;2;120;192;180m%%[38;2;108;192;168m*[38;2;96;168;156m+[38;2;72;132;120m=[38;2;60;108;96m:[38;2;36;72;60m.[0m      [38;2;48;96;108m:[38;2;72;144;156m==[38;2;48;96;108m:[0m
[38;2;48;108;120m-[38;2;72;144;156m==[38;2;36;84;96m.[0m           [38;2;48;72;72m.[38;2;84;144;132m=[38;2;120;192;168m*[38;2;120;192;180m%%[38;2;108;180;168m**[38;2;108;192;168m*[38;2;108;180;168m*[38;2;84;144;132m=[38;2;60;120;120m-[38;2;72;132;132m=[38;2;96;156;144m+[38;2;84;156;144m=[38;2;72;132;120m-[38;2;72;132;132m=[38;2;72;144;144m=[38;2;84;168;156m+[38;2;96;180;168m********[38;2;84;156;144m+[38;2;84;144;144m=[38;2;72;108;108m:[38;2;36;84;84m.[38;2;48;108;96m:[38;2;60;132;120m-[38;2;72;144;132m=[38;2;84;156;144m+[38;2;96;168;156m+[38;2;96;180;168m*[38;2;108;192;168m***[38;2;108;180;168m*[38;2;96;168;144m+[38;2;72;132;120m-[38;2;72;120;108m--[38;2;36;72;60m.[0m      [38;2;36;84;96m.[38;2;60;144;156m=[38;2;72;144;156m=[38;2;48;108;120m-[0m
[38;2;48;120;132m-[38;2;60;144;156m==[38;2;36;84;84m.[0m     [38;2;60;84;72m.[38;2;84;144;132m=[38;2;60;96;84m:[38;2;36;60;60m.[38;2;72;120;108m-[38;2;108;156;144m+[38;2;120;180;168m*[38;2;132;204;180m%[38;2;132;204;192m#[38;2;132;204;180m%[38;2;120;192;180m%[38;2;96;168;156m*[38;2;84;156;144m==[38;2;72;144;132m=[38;2;60;120;120m-[38;2;72;144;132m=[38;2;96;168;156m+[38;2;108;180;168m**[38;2;96;168;156m**[38;2;108;180;168m*[38;2;120;192;180m%[38;2;108;192;180m%%[38;2;108;192;168m*[38;2;108;180;168m**[38;2;96;180;168m**[38;2;96;168;156m*[38;2;84;168;144m+[38;2;72;144;132m=[38;2;60;108;96m:[38;2;48;108;96m:[38;2;60;120;120m-[38;2;72;144;132m=[38;2;84;168;156m+[38;2;96;180;168m**[38;2;108;192;168m*[38;2;120;192;180m%[38;2;120;204;180m%[38;2;120;192;180m%[38;2;72;132;120m-[38;2;36;84;72m.[38;2;24;72;72m.[38;2;24;96;84m:[38;2;48;108;108m:[38;2;36;96;84m:[0m      [38;2;24;72;84m.[38;2;60;132;156m=[38;2;60;144;156m=[38;2;48;120;132m-[0m
[38;2;48;108;120m:[38;2;60;144;156m=[38;2;60;132;156m=[38;2;36;84;96m.[0m    [38;2;72;108;96m:[38;2;120;180;168m*[38;2;120;192;180m%[38;2;96;156;144m=+[38;2;120;180;168m*[38;2;120;192;180m%%%%[38;2;108;180;168m*[38;2;96;168;156m*[38;2;96;180;168m*[38;2;108;180;168m*[38;2;108;192;168m*[38;2;108;180;168m******[38;2;120;192;180m%%[38;2;120;204;180m%%[38;2;120;192;180m%[38;2;108;180;168m*[38;2;96;180;168m*****[38;2;96;168;156m*+[38;2;84;156;144m=[38;2;84;144;144m=[38;2;84;144;132m=[38;2;84;156;144m=+[38;2;96;168;144m+[38;2;96;180;156m*[38;2;108;180;168m*[38;2;108;192;168m*[38;2;108;192;180m%[38;2;120;204;180m%[38;2;84;144;132m=[38;2;24;72;72m.[38;2;24;96;84m:[38;2;36;108;96m::[38;2;48;120;108m-[38;2;72;144;132m=[38;2;60;120;108m-[0m     [38;2;24;72;84m.[38;2;60;132;156m=[38;2;60;144;156m=[38;2;48;108;120m:[0m
[38;2;36;84;108m:[38;2;60;132;156m==[38;2;36;96;108m:[0m   [38;2;96;144;132m=[38;2;120;180;168m*[38;2;132;204;192m%[38;2;108;180;168m*[38;2;108;180;156m*[38;2;120;180;168m*[38;2;120;192;168m*%%[38;2;108;180;168m**[38;2;120;192;180m%%%[38;2;120;204;180m%[38;2;132;204;192m%#[38;2;120;204;180m%[38;2;120;192;180m%%%%%[38;2;108;192;168m*[38;2;96;168;156m*[38;2;84;156;144m+[38;2;72;144;144m=[38;2;72;144;132m=[38;2;84;156;144m+[38;2;96;168;156m+*[38;2;96;180;168m***[38;2;96;168;156m+[38;2;60;120;120m-[38;2;48;108;96m:[38;2;24;72;72m.[38;2;48;96;96m:[38;2;60;120;120m-[38;2;72;144;132m=[38;2;84;156;144m+[38;2;96;168;156m+[38;2;96;180;168m*[38;2;108;180;168m*[38;2;120;192;180m%[38;2;72;120;108m-[38;2;24;96;84m:[38;2;36;108;96m:[38;2;48;120;108m-[38;2;48;120;120m-[38;2;24;84;72m.[38;2;24;72;60m.[38;2;60;108;96m::[0m    [38;2;36;96;108m:[38;2;60;132;156m==[38;2;36;96;108m:[0m
[38;2;24;60;72m.[38;2;48;120;144m-[38;2;60;132;156m=[38;2;48;108;132m-[0m  [38;2;36;60;60m.[38;2;108;180;168m*[38;2;132;204;180m%[38;2;120;192;180m%[38;2;120;192;168m%[38;2;120;180;168m*[38;2;96;168;144m+[38;2;96;156;144m+[38;2;108;168;156m*[38;2;108;180;168m*[38;2;108;192;168m*[38;2;120;192;180m%[38;2;120;204;180m%%%%%[38;2;120;192;180m%[38;2;108;168;156m*[38;2;96;168;144m+[38;2;72;132;120m-[38;2;72;120;108m-[38;2;72;132;120m-[38;2;72;144;132m==[38;2;72;132;120m-[38;2;72;144;132m=[38;2;72;156;144m=[38;2;84;168;156m+[38;2;96;168;156m*[38;2;96;180;168m**[38;2;108;180;168m*[38;2;96;180;168m*[38;2;96;180;156m*[38;2;84;156;144m+=[38;2;72;144;132m=[38;2;60;120;108m-[38;2;60;132;120m-[38;2;60;120;108m-[38;2;60;108;96m:::[38;2;60;120;108m--[38;2;84;144;144m=[38;2;84;144;132m=[38;2;48;108;108m:[38;2;60;132;120m-[38;2;60;120;120m-[38;2;60;144;132m=[38;2;48;108;108m:[38;2;24;72;60m.[0m      [38;2;48;108;132m-[38;2;60;132;156m=[38;2;60;132;144m-[38;2;24;72;84m.[0m
 [38;2;36;108;120m:[38;2;48;132;156m-[38;2;48;120;144m-[38;2;24;72;84m.[0m [38;2;60;108;96m:[38;2;120;192;180m%[38;2;132;204;192m#%[38;2;120;192;180m%[38;2;120;180;168m*[38;2;120;192;180m%%%[38;2;120;192;168m*[38;2;108;180;168m**[38;2;96;168;156m+[38;2;108;180;156m*[38;2;96;168;144m+[38;2;96;168;156m+[38;2;84;144;132m=[38;2;84;156;144m=[38;2;60;96;96m:[38;2;48;96;96m:[38;2;48;84;72m.[38;2;36;84;72m.[38;2;36;84;84m.[38;2;60;120;120m-[38;2;84;156;144m+[38;2;96;168;156m*[38;2;96;180;168m*[38;2;108;192;168m*[38;2;108;192;180m%[38;2;108;192;168m*[38;2;96;180;168m***[38;2;84;168;156m++[38;2;96;168;156m+[38;2;84;156;144m=[38;2;72;144;132m=[38;2;84;156;144m+[38;2;72;132;120m-[38;2;36;84;72m.[38;2;24;84;84m.[38;2;36;108;96m:[38;2;48;120;108m:[38;2;48;120;120m-[38;2;48;120;108m-[38;2;60;132;132m=[38;2;60;132;120m--[38;2;72;144;132m==[38;2;48;120;108m:-[38;2;48;108;108m:[0m     [38;2;24;72;84m.[38;2;48;120;144m-[38;2;60;132;156m-[38;2;48;108;132m:[0m 
 [38;2;24;72;84m.[38;2;48;120;144m-[38;2;48;132;156m-[38;2;36;108;132m:[0m [38;2;72;108;96m:[38;2;120;192;180m%[38;2;132;204;192m#%[38;2;120;192;180m%[38;2;120;204;180m%[38;2;120;192;168m*[38;2;96;168;156m+[38;2;108;180;168m*[38;2;84;144;132m=[38;2;60;96;84m:[38;2;84;144;132m=[38;2;36;72;72m.[38;2;72;132;120m-[38;2;48;84;72m.[38;2;72;120;120m-[38;2;60;96;96m:[38;2;60;120;108m-[38;2;48;108;108m:[38;2;60;120;108m-[38;2;72;132;132m=[38;2;60;132;120m-[38;2;72;132;120m-[38;2;72;144;132m=[38;2;96;180;168m*[38;2;108;192;180m**[38;2;108;192;168m***[38;2;96;180;168m*[38;2;84;168;156m++[38;2;84;168;144m+[38;2;84;156;144m+[38;2;96;168;156m+[38;2;96;156;144m+[38;2;72;120;120m-[38;2;60;108;96m:[38;2;60;120;120m-[38;2;48;96;96m:[38;2;36;108;108m:[38;2;48;132;120m-[38;2;60;144;132m=[38;2;72;144;144m=[38;2;60;132;120m-[38;2;72;144;132m=[38;2;72;144;144m=[38;2;72;156;144m+[38;2;72;144;132m==[38;2;48;120;108m-[38;2;36;96;84m:[38;2;60;132;120m-[38;2;36;84;72m.[0m    [38;2;48;108;132m:[38;2;48;132;156m-[38;2;48;120;144m-[38;2;24;72;84m.[0m 
  [38;2;36;96;108m:[38;2;48;120;156m--[38;2;24;96;108m:[0m [38;2;84;144;132m=[38;2;120;192;180m%[38;2;120;204;192m%[38;2;108;192;168m*[38;2;84;144;132m=[38;2;96;156;144m+[38;2;60;108;96m:[38;2;96;168;156m+[38;2;96;168;144m+[38;2;36;60;60m.[0m    [38;2;36;72;60m.[38;2;72;132;132m=[38;2;84;156;144m+[38;2;72;156;144m=[38;2;84;168;156m+[38;2;72;156;144m=[38;2;72;132;120m-[38;2;84;144;144m=[38;2;108;180;168m*[38;2;108;192;168m*[38;2;108;180;168m*[38;2;96;180;168m**[38;2;96;168;156m*+[38;2;84;156;144m+[38;2;72;144;132m=[38;2;60;120;108m-[38;2;48;108;96m:[38;2;60;120;108m-[38;2;60;120;120m--[38;2;72;132;120m-[38;2;60;132;120m-[38;2;60;144;132m=[38;2;48;120;120m-[38;2;48;132;120m-[38;2;72;144;144m=[38;2;72;156;144m+==+[38;2;72;144;132m=[38;2;72;156;144m=[38;2;72;144;132m=[38;2;60;132;132m-[38;2;60;132;120m-[0m [38;2;24;72;60m.[38;2;36;84;72m.[0m   [38;2;24;84;108m:[38;2;48;120;144m-[38;2;48;120;156m-[38;2;36;96;120m:[0m  
   [38;2;36;108;120m:[38;2;48;120;156m-[38;2;48;120;144m-[38;2;24;84;96m.[0m [38;2;72;108;96m:[38;2;96;156;144m+[38;2;72;120;108m-[0m [38;2;36;72;60m.[0m [38;2;36;60;60m.[38;2;72;120;108m-[38;2;48;84;72m.[0m   [38;2;48;72;72m.[38;2;60;108;108m:[38;2;84;156;144m++[38;2;96;168;156m*[38;2;84;168;156m+[38;2;72;132;120m-[38;2;96;168;156m+[38;2;96;180;168m***[38;2;84;156;144m+[38;2;72;144;132m=[38;2;60;120;108m-[38;2;48;96;84m:[38;2;48;84;72m.[38;2;36;72;72m.[0m   [38;2;60;108;108m:[38;2;72;144;132m=[38;2;72;144;144m=[38;2;72;156;144m=+=[38;2;60;144;132m==[38;2;72;156;144m=+==[38;2;84;156;144m+[38;2;72;156;144m+==[38;2;60;144;132m=[38;2;60;132;132m=[0m     [38;2;24;84;96m.[38;2;48;120;144m-[38;2;48;120;156m-[38;2;36;108;132m:[0m   
    [38;2;36;108;132m:[38;2;48;120;156m-[38;2;48;120;144m-[38;2;24;84;108m:[0m        [38;2;60;96;84m:[0m  [38;2;48;72;72m.[38;2;84;144;132m=[38;2;72;144;132m=[38;2;96;168;156m++[38;2;84;156;144m+[38;2;96;168;156m++++[38;2;84;144;132m=[38;2;60;108;96m:[38;2;36;72;60m.[0m       [38;2;60;108;96m:[38;2;96;168;156m+[38;2;96;180;168m***[38;2;96;168;156m*[38;2;84;156;144m+[38;2;72;144;132m=[38;2;72;168;156m+[38;2;84;168;156m+[38;2;72;156;144m+[38;2;84;168;156m+[38;2;72;156;144m=[38;2;84;156;144m+[38;2;84;168;156m+[38;2;60;144;132m=[38;2;60;132;120m-[38;2;60;120;108m-[38;2;72;144;144m=[38;2;24;60;60m.[0m   [38;2;24;84;108m.[38;2;48;120;144m-[38;2;48;120;156m-[38;2;36;108;132m:[0m    
     [38;2;36;96;120m:[38;2;48;120;144m--[38;2;36;96;120m:[0m       [38;2;96;156;144m==[38;2;48;84;84m:[38;2;60;96;96m:[38;2;96;168;156m++[38;2;84;156;144m+[38;2;96;168;144m+[38;2;96;168;156m+++[38;2;72;144;132m=[38;2;48;96;84m:[0m        [38;2;36;72;60m.[38;2;72;120;108m-[38;2;108;180;168m*[38;2;108;192;180m%%[38;2;108;192;168m*[38;2;96;180;168m**[38;2;84;168;156m++++[38;2;72;156;144m+[38;2;84;168;156m+[38;2;72;144;144m=[38;2;60;132;132m=[38;2;60;144;132m=[38;2;60;132;120m--[38;2;24;60;60m.[38;2;48;96;96m:[0m   [38;2;24;96;120m:[38;2;48;120;144m--[38;2;36;96;120m:[0m     
      [38;2;24;84;108m:[38;2;48;120;144m--[38;2;36;108;132m:[38;2;24;72;96m.[0m     [38;2;72;132;120m-[38;2;96;168;156m+[38;2;96;168;144m+[38;2;84;156;144m=[38;2;96;168;156m+[38;2;108;192;168m*[38;2;108;180;168m*[38;2;108;192;168m*[38;2;108;180;168m*[38;2;96;180;168m*[38;2;72;144;132m=[38;2;36;60;60m.[0m        [38;2;72;132;120m-[38;2;96;180;156m*[38;2;108;192;180m*%%[38;2;108;192;168m*[38;2;108;180;168m*[38;2;96;168;156m+[38;2;84;168;156m++++[38;2;72;156;144m+==[38;2;72;144;132m=[38;2;60;120;120m-[38;2;60;132;120m--[38;2;36;84;84m.[0m   [38;2;24;72;84m.[38;2;36;108;132m:[38;2;48;120;144m--[38;2;24;84;108m:[0m      
       [38;2;0;60;84m.[38;2;36;96;132m:[38;2;48;120;144m--[38;2;36;96;120m:[38;2;24;72;84m.[0m   [38;2;72;120;108m-[38;2;96;168;156m+[38;2;108;180;168m***[38;2;108;192;168m*[38;2;108;180;168m*[38;2;96;180;168m*[38;2;96;168;156m+[38;2;96;180;156m*[38;2;72;144;132m=[0m      [38;2;36;60;60m.[38;2;72;120;108m-[38;2;96;156;144m+[38;2;120;192;180m%%[38;2;120;204;180m%[38;2;120;192;180m%%[38;2;108;180;168m*[38;2;96;168;156m+[38;2;84;156;144m+[38;2;96;180;168m*[38;2;84;168;156m+[38;2;72;156;144m=[38;2;72;144;144m=[38;2;72;156;144m=[38;2;60;144;132m=[38;2;60;132;132m=[38;2;60;120;120m-[38;2;48;120;108m:[38;2;48;108;108m:[38;2;36;96;96m:[0m  [38;2;0;60;72m.[38;2;36;96;120m:[38;2;48;120;144m--[38;2;36;108;132m:[38;2;24;72;84m.[0m       
         [38;2;24;72;96m.[38;2;36;108;132m:[38;2;48;120;144m--[38;2;36;96;120m:[38;2;24;72;84m.[0m  [38;2;48;84;72m.[38;2;72;120;108m-[38;2;84;156;144m=[38;2;96;180;168m***[38;2;108;192;168m*[38;2;84;144;132m=[38;2;48;84;84m.[38;2;48;96;84m:[0m     [38;2;60;96;84m:[38;2;96;168;156m+[38;2;120;192;180m%%%[38;2;108;192;180m%%[38;2;108;180;168m*[38;2;96;180;168m*[38;2;84;168;144m+[38;2;84;156;144m+[38;2;84;168;156m+++[38;2;72;144;132m=[38;2;72;144;144m=[38;2;60;144;132m=[38;2;60;132;120m-[38;2;48;108;108m:[38;2;48;120;108m:[38;2;36;96;84m:[38;2;24;84;72m.[0m [38;2;24;72;84m.[38;2;24;96;120m:[38;2;36;120;144m-[38;2;48;120;144m-[38;2;36;108;132m:[38;2;24;84;96m.[0m         
           [38;2;24;72;96m.[38;2;36;108;132m:[38;2;48;120;144m--[38;2;36;108;132m:[38;2;24;84;108m.[38;2;0;60;72m.[0m  [38;2;60;108;108m:[38;2;84;144;132m=[38;2;96;168;156m+[38;2;96;168;144m+[38;2;84;144;132m=[38;2;36;72;60m.[0m    [38;2;48;84;84m.[38;2;84;144;132m=[38;2;96;180;156m*[38;2;120;192;180m%[38;2;120;204;180m%%[38;2;120;192;180m%[38;2;108;192;180m%[38;2;108;180;168m*[38;2;96;168;156m+[38;2;84;156;144m++[38;2;84;168;156m++[38;2;84;168;144m+[38;2;72;156;144m=[38;2;48;132;120m-[38;2;60;132;120m-[38;2;48;120;108m-[38;2;36;96;96m:[38;2;24;84;84m..[38;2;24;72;84m.[38;2;24;84;108m.[38;2;36;108;132m:[38;2;48;120;144m-[38;2;36;120;144m-[38;2;36;108;132m:[38;2;24;84;108m.[0m           
             [38;2;24;72;84m.[38;2;36;96;120m:[38;2;36;108;144m-[38;2;48;120;144m--[38;2;36;108;132m:[38;2;24;84;108m:[38;2;24;72;84m.[0m [38;2;24;60;60m.[0m      [38;2;60;96;96m:[38;2;96;180;168m*[38;2;120;192;180m%[38;2;120;204;180m%[38;2;120;192;180m%%[38;2;108;192;180m%[38;2;108;180;168m*[38;2;96;180;168m*[38;2;84;168;144m+[38;2;72;144;132m=[38;2;84;156;144m+[38;2;72;156;144m++=[38;2;60;144;132m=[38;2;48;120;120m-[38;2;36;108;96m:[38;2;24;96;96m::[38;2;24;84;96m.[38;2;24;96;108m:[38;2;36;108;132m:[38;2;36;120;144m-[38;2;48;120;144m-[38;2;36;108;144m-[38;2;36;96;120m:[38;2;24;72;84m.[0m             
                [38;2;24;72;96m.[38;2;36;96;120m:[38;2;36;108;132m:[38;2;48;120;144m--[38;2;36;108;144m-[38;2;36;96;132m:[38;2;24;96;120m:[38;2;24;72;96m.[38;2;24;60;84m.[0m   [38;2;72;132;120m-[38;2;84;168;156m+[38;2;96;180;168m*[38;2;108;180;168m*[38;2;96;180;168m**[38;2;96;168;156m+[38;2;84;156;144m+[38;2;72;144;132m=[38;2;60;120;120m-[38;2;60;132;120m--[38;2;48;120;120m--[38;2;36;108;108m:[38;2;24;96;108m::[38;2;24;96;120m:[38;2;24;108;132m:[38;2;36;108;144m-[38;2;36;120;144m--[38;2;36;108;144m-[38;2;36;96;120m:[38;2;24;72;96m.[0m                
                   [38;2;0;60;84m.[38;2;24;84;108m.[38;2;36;96;120m:[38;2;36;108;132m:[38;2;48;108;144m-[38;2;48;120;144m--[38;2;36;108;144m--[38;2;36;108;132m::[38;2;48;120;132m-----[38;2;48;108;120m:[38;2;36;96;120m:[38;2;24;96;120m::[38;2;36;108;120m:[38;2;36;108;132m:::[38;2;36;108;144m-[38;2;36;120;144m--[38;2;36;108;144m-[38;2;36;108;132m:[38;2;24;96;120m:[38;2;24;84;108m.[38;2;0;60;84m.[0m                   
                        [38;2;24;72;84m.[38;2;24;84;108m.[38;2;24;96;120m:[38;2;36;96;132m:[38;2;36;108;132m:[38;2;36;108;144m-[38;2;48;120;144m----[38;2;36;120;144m------[38;2;36;108;144m-[38;2;36;108;132m:[38;2;36;96;132m:[38;2;24;96;120m:[38;2;24;84;108m.[38;2;24;72;84m.[0m                        
